---
image_width: 640
image_height: 480
camera_name: sim_camera4
camera_matrix:
  rows: 3
  cols: 3
  data: [501.672, 0, 319.428, 0, 501.909, 239.833, 0, 0, 1]
distortion_model: plumb_bob
distortion_coefficients:
  rows: 1
  cols: 5
  data: [-0.00182453, 0.00439306, -0.000342273, -0.000168743, 0]
rectification_matrix:
  rows: 3
  cols: 3
  data: [1, 0, 0, 0, 1, 0, 0, 0, 1]
projection_matrix:
  rows: 3
  cols: 4
  data: [501.672, 0, 319.428, 0, 0, 501.909, 239.833, 0, 0, 0, 1, 0]