---
image_width: 640
image_height: 480
camera_name: sim_camera3
camera_matrix:
  rows: 3
  cols: 3
  data: [502.458, 0, 319.707, 0, 502.474, 239.706, 0, 0, 1]
distortion_model: plumb_bob
distortion_coefficients:
  rows: 1
  cols: 5
  data: [0.00103376, -0.00169382, 1.78756e-05, 5.30737e-05, 0]
rectification_matrix:
  rows: 3
  cols: 3
  data: [1, 0, 0, 0, 1, 0, 0, 0, 1]
projection_matrix:
  rows: 3
  cols: 4
  data: [502.458, 0, 319.707, 0, 0, 502.474, 239.706, 0, 0, 0, 1, 0]