---
image_width: 640
image_height: 480
camera_name: sim_camera6
camera_matrix:
  rows: 3
  cols: 3
  data: [261.664, 0, 326.326, 0, 260.431, 239.402, 0, 0, 1]
distortion_model: plumb_bob
distortion_coefficients:
  rows: 1
  cols: 5
  data: [-0.406646, 0.107111, -0.00462625, -0.00363443, 0]
rectification_matrix:
  rows: 3
  cols: 3
  data: [1, 0, 0, 0, 1, 0, 0, 0, 1]
projection_matrix:
  rows: 3
  cols: 4
  data: [261.664, 0, 326.326, 0, 0, 260.431, 239.402, 0, 0, 0, 1, 0]