image_width: 640
image_height: 480
camera_name: camera_9
camera_matrix:
  rows: 3
  cols: 3
  data: [958.192557, 0, 341.322473, 0, 957.387272, 237.208595, 0, 0, 1]
distortion_model: plumb_bob
distortion_coefficients:
  rows: 1
  cols: 5
  data: [-0.381656, 0.257578, 0.000335, 0.000454, 0]
rectification_matrix:
  rows: 3
  cols: 3
  data: [1, 0, 0, 0, 1, 0, 0, 0, 1]
projection_matrix:
  rows: 3
  cols: 4
  data: [915.279175, 0, 342.830212, 0, 0, 932.200745, 236.643755, 0, 0, 0, 1, 0]