
# Autogenerated configuration file - do not hand edit

image_width: 640
image_height: 480
camera_name: camera_2
camera_matrix:
  rows: 3
  cols: 3
  data: [823.890867, 0, 337.426241, 0, 825.24023, 242.448964, 0, 0, 1]
distortion_model: plumb_bob
distortion_coefficients:
  rows: 1
  cols: 5
  data: [-0.386419, 0.164042, 0.002672, 0.002454, 0]
rectification_matrix:
  rows: 3
  cols: 3
  data: [1, 0, 0, 0, 1, 0, 0, 0, 1]
projection_matrix:
  rows: 3
  cols: 4
  data: [771.132812, 0, 340.454568, 0, 0, 795.484009, 242.76179, 0, 0, 0, 1, 0]

