image_width: 640
image_height: 480
camera_name: camera_7
camera_matrix:
  rows: 3
  cols: 3
  data: [718.434279, 0, 351.751015, 0, 717.674305, 238.488815, 0, 0, 1]
distortion_model: plumb_bob
distortion_coefficients:
  rows: 1
  cols: 5
  data: [-0.397043, 0.224391, 0.0003, 0.001516, 0]
rectification_matrix:
  rows: 3
  cols: 3
  data: [1, 0, 0, 0, 1, 0, 0, 0, 1]
projection_matrix:
  rows: 3
  cols: 4
  data: [657.007982, 0, 357.568261, 0, 0, 683.014675, 237.933772, 0, 0, 0, 1, 0]