
# Autogenerated configuration file - do not hand edit

image_width: 640
image_height: 480
camera_name: camera_10
camera_matrix:
  rows: 3
  cols: 3
  data: [894.388258, 0, 358.396668, 0, 894.037543, 221.551388, 0, 0, 1]
distortion_model: plumb_bob
distortion_coefficients:
  rows: 1
  cols: 5
  data: [-0.367119, 0.203135, -0.000971, 0.001671, 0]
rectification_matrix:
  rows: 3
  cols: 3
  data: [1, 0, 0, 0, 1, 0, 0, 0, 1]
projection_matrix:
  rows: 3
  cols: 4
  data: [847.602356, 0, 362.345266, 0, 0, 867.155945, 219.863843, 0, 0, 0, 1, 0]

