
# Autogenerated configuration file - do not hand edit

image_width: 640
image_height: 480
camera_name: camera_11
camera_matrix:
  rows: 3
  cols: 3
  data: [893.863869, 0, 360.195731, 0, 892.547724, 272.066452, 0, 0, 1]
distortion_model: plumb_bob
distortion_coefficients:
  rows: 1
  cols: 5
  data: [-0.379685, 0.215557, -0.002007, -0.001409, 0]
rectification_matrix:
  rows: 3
  cols: 3
  data: [1, 0, 0, 0, 1, 0, 0, 0, 1]
projection_matrix:
  rows: 3
  cols: 4
  data: [846.229858, 0, 363.184776, 0, 0, 864.44519, 272.880533, 0, 0, 0, 1, 0]

