
# Autogenerated configuration file - do not hand edit

image_width: 640
image_height: 480
camera_name: camera_7
camera_matrix:
  rows: 3
  cols: 3
  data: [846.139501, 0, 324.680901, 0, 848.143158, 218.67884, 0, 0, 1]
distortion_model: plumb_bob
distortion_coefficients:
  rows: 1
  cols: 5
  data: [-0.373257, 0.179394, -0.003611, -0.000426, 0]
rectification_matrix:
  rows: 3
  cols: 3
  data: [1, 0, 0, 0, 1, 0, 0, 0, 1]
projection_matrix:
  rows: 3
  cols: 4
  data: [797.815491, 0, 324.538932, 0, 0, 819.288025, 216.042987, 0, 0, 0, 1, 0]

