
# Autogenerated configuration file - do not hand edit

image_width: 640
image_height: 480
camera_name: camera_9
camera_matrix:
  rows: 3
  cols: 3
  data: [890.225105, 0, 348.716449, 0, 891.30142, 204.7415, 0, 0, 1]
distortion_model: plumb_bob
distortion_coefficients:
  rows: 1
  cols: 5
  data: [-0.484104, 0.922419, 0.004359, 0.001169, 0]
rectification_matrix:
  rows: 3
  cols: 3
  data: [1, 0, 0, 0, 1, 0, 0, 0, 1]
projection_matrix:
  rows: 3
  cols: 4
  data: [843.608765, 0, 350.608682, 0, 0, 860.441528, 203.295375, 0, 0, 0, 1, 0]

