
# Autogenerated configuration file - do not hand edit

image_width: 640
image_height: 480
camera_name: camera_4
camera_matrix:
  rows: 3
  cols: 3
  data: [719.152812, 0, 349.790781, 0, 718.845322, 251.063575, 0, 0, 1]
distortion_model: plumb_bob
distortion_coefficients:
  rows: 1
  cols: 5
  data: [-0.399311, 0.219631, -0.000895, -0.001477, 0]
rectification_matrix:
  rows: 3
  cols: 3
  data: [1, 0, 0, 0, 1, 0, 0, 0, 1]
projection_matrix:
  rows: 3
  cols: 4
  data: [658.221619, 0, 353.606798, 0, 0, 684.102661, 251.351626, 0, 0, 0, 1, 0]

