
# Autogenerated configuration file - do not hand edit

image_width: 640
image_height: 480
camera_name: camera_10
camera_matrix:
  rows: 3
  cols: 3
  data: [833.369919, 0, 356.235073, 0, 833.609733, 214.381498, 0, 0, 1]
distortion_model: plumb_bob
distortion_coefficients:
  rows: 1
  cols: 5
  data: [-0.395634, 0.243281, 0.000666, 0.001528, 0]
rectification_matrix:
  rows: 3
  cols: 3
  data: [1, 0, 0, 0, 1, 0, 0, 0, 1]
projection_matrix:
  rows: 3
  cols: 4
  data: [780.088403, 0, 360.853243, 0, 0, 802.654465, 212.343842, 0, 0, 0, 1, 0]

