
# Autogenerated configuration file - do not hand edit

image_width: 640
image_height: 480
camera_name: camera_8
camera_matrix:
  rows: 3
  cols: 3
  data: [880.125061, 0, 333.984785, 0, 879.872185, 253.777018, 0, 0, 1]
distortion_model: plumb_bob
distortion_coefficients:
  rows: 1
  cols: 5
  data: [-0.3818, 0.240155, 0.000601, -0.000669, 0]
rectification_matrix:
  rows: 3
  cols: 3
  data: [1, 0, 0, 0, 1, 0, 0, 0, 1]
projection_matrix:
  rows: 3
  cols: 4
  data: [833.776062, 0, 334.660665, 0, 0, 852.530762, 254.190688, 0, 0, 0, 1, 0]

