
# Autogenerated configuration file - do not hand edit

image_width: 640
image_height: 480
camera_name: camera_1
camera_matrix:
  rows: 3
  cols: 3
  data: [879.59629, 0, 360.753214, 0, 880.158624, 229.606291, 0, 0, 1]
distortion_model: plumb_bob
distortion_coefficients:
  rows: 1
  cols: 5
  data: [-0.390112, 0.19819, 0.000306, -0.000759, 0]
rectification_matrix:
  rows: 3
  cols: 3
  data: [1, 0, 0, 0, 1, 0, 0, 0, 1]
projection_matrix:
  rows: 3
  cols: 4
  data: [829.107727, 0, 364.47528, 0, 0, 851.529724, 228.553381, 0, 0, 0, 1, 0]

