
# Autogenerated configuration file - do not hand edit

image_width: 640
image_height: 480
camera_name: camera_10
camera_matrix:
  rows: 3
  cols: 3
  data: [753.835288, 0, 363.400579, 0, 754.079962, 226.874083, 0, 0, 1]
distortion_model: plumb_bob
distortion_coefficients:
  rows: 1
  cols: 5
  data: [-0.39768, 0.199541, 0.000444, -0.000936, 0]
rectification_matrix:
  rows: 3
  cols: 3
  data: [1, 0, 0, 0, 1, 0, 0, 0, 1]
projection_matrix:
  rows: 3
  cols: 4
  data: [693.099484, 0, 369.369967, 0, 0, 720.256249, 225.363506, 0, 0, 0, 1, 0]

