
# Autogenerated configuration file - do not hand edit

image_width: 640
image_height: 480
camera_name: camera_9
camera_matrix:
  rows: 3
  cols: 3
  data: [873.509791, 0, 356.628659, 0, 872.50271, 262.025849, 0, 0, 1]
distortion_model: plumb_bob
distortion_coefficients:
  rows: 1
  cols: 5
  data: [-0.365483, 0.223182, 0.000959, 9.4e-05, 0]
rectification_matrix:
  rows: 3
  cols: 3
  data: [1, 0, 0, 0, 1, 0, 0, 0, 1]
projection_matrix:
  rows: 3
  cols: 4
  data: [827.08313, 0, 359.82462, 0, 0, 845.086365, 262.944907, 0, 0, 0, 1, 0]

