
# Autogenerated configuration file - do not hand edit

image_width: 640
image_height: 480
camera_name: camera_11
camera_matrix:
  rows: 3
  cols: 3
  data: [879.886506, 0, 360.010928, 0, 880.079974, 242.553715, 0, 0, 1]
distortion_model: plumb_bob
distortion_coefficients:
  rows: 1
  cols: 5
  data: [-0.359759, 0.069531, -0.00139, -0.000152, 0]
rectification_matrix:
  rows: 3
  cols: 3
  data: [1, 0, 0, 0, 1, 0, 0, 0, 1]
projection_matrix:
  rows: 3
  cols: 4
  data: [830.680481, 0, 364.017652, 0, 0, 853.077454, 241.892293, 0, 0, 0, 1, 0]

