
# Autogenerated configuration file - do not hand edit

image_width: 640
image_height: 480
camera_name: camera_9
camera_matrix:
  rows: 3
  cols: 3
  data: [740.855684, 0, 352.954187, 0, 740.927881, 230.341813, 0, 0, 1]
distortion_model: plumb_bob
distortion_coefficients:
  rows: 1
  cols: 5
  data: [-0.393906, 0.207115, 0.001277, 0.00018, 0]
rectification_matrix:
  rows: 3
  cols: 3
  data: [1, 0, 0, 0, 1, 0, 0, 0, 1]
projection_matrix:
  rows: 3
  cols: 4
  data: [681.264648, 0, 357.942079, 0, 0, 707.38269, 229.348313, 0, 0, 0, 1, 0]

