
# Autogenerated configuration file - do not hand edit

image_width: 640
image_height: 480
camera_name: camera_2
camera_matrix:
  rows: 3
  cols: 3
  data: [816.235907, 0, 353.254592, 0, 816.644412, 239.708455, 0, 0, 1]
distortion_model: plumb_bob
distortion_coefficients:
  rows: 1
  cols: 5
  data: [-0.405138, 0.263171, -0.000298, -0.001336, 0]
rectification_matrix:
  rows: 3
  cols: 3
  data: [1, 0, 0, 0, 1, 0, 0, 0, 1]
projection_matrix:
  rows: 3
  cols: 4
  data: [762.486511, 0, 356.391887, 0, 0, 785.692566, 239.114565, 0, 0, 0, 1, 0]

