
# Autogenerated configuration file - do not hand edit

image_width: 640
image_height: 480
camera_name: camera_3
camera_matrix:
  rows: 3
  cols: 3
  data: [729.278566, 0, 345.433005, 0, 729.320024, 234.686179, 0, 0, 1]
distortion_model: plumb_bob
distortion_coefficients:
  rows: 1
  cols: 5
  data: [-0.393742, 0.242025, 0.000394, 0.000875, 0]
rectification_matrix:
  rows: 3
  cols: 3
  data: [1, 0, 0, 0, 1, 0, 0, 0, 1]
projection_matrix:
  rows: 3
  cols: 4
  data: [671.123962, 0, 349.454712, 0, 0, 695.928894, 233.827522, 0, 0, 0, 1, 0]

