
# Autogenerated configuration file - do not hand edit

image_width: 640
image_height: 480
camera_name: camera_11
camera_matrix:
  rows: 3
  cols: 3
  data: [796.446874, 0, 316.62316, 0, 796.704104, 247.779843, 0, 0, 1]
distortion_model: plumb_bob
distortion_coefficients:
  rows: 1
  cols: 5
  data: [-0.424203, 0.31674, -0.000151, 0.000362, 0]
rectification_matrix:
  rows: 3
  cols: 3
  data: [1, 0, 0, 0, 1, 0, 0, 0, 1]
projection_matrix:
  rows: 3
  cols: 4
  data: [741.190613, 0, 315.841897, 0, 0, 764.266907, 247.844554, 0, 0, 0, 1, 0]

