
# Autogenerated configuration file - do not hand edit

image_width: 640
image_height: 480
camera_name: camera_3
camera_matrix:
  rows: 3
  cols: 3
  data: [884.463483, 0, 346.205091, 0, 884.156243, 238.44983, 0, 0, 1]
distortion_model: plumb_bob
distortion_coefficients:
  rows: 1
  cols: 5
  data: [-0.378554, 0.189847, 0.000788, 0.001225, 0]
rectification_matrix:
  rows: 3
  cols: 3
  data: [1, 0, 0, 0, 1, 0, 0, 0, 1]
projection_matrix:
  rows: 3
  cols: 4
  data: [836.733215, 0, 349.042056, 0, 0, 856.894653, 238.034527, 0, 0, 0, 1, 0]

