
# Autogenerated configuration file - do not hand edit

image_width: 640
image_height: 480
camera_name: camera_10
camera_matrix:
  rows: 3
  cols: 3
  data: [902.063049, 0, 356.772759, 0, 900.367754, 248.855304, 0, 0, 1]
distortion_model: plumb_bob
distortion_coefficients:
  rows: 1
  cols: 5
  data: [-0.378259, 0.219151, 0.000175, 0.000972, 0]
rectification_matrix:
  rows: 3
  cols: 3
  data: [1, 0, 0, 0, 1, 0, 0, 0, 1]
projection_matrix:
  rows: 3
  cols: 4
  data: [854.945374, 0, 360.308871, 0, 0, 873.314392, 248.872111, 0, 0, 0, 1, 0]

