
# Autogenerated configuration file - do not hand edit

image_width: 640
image_height: 480
camera_name: camera_3
camera_matrix:
  rows: 3
  cols: 3
  data: [901.250407, 0, 341.473861, 0, 906.413012, 255.048758, 0, 0, 1]
distortion_model: plumb_bob
distortion_coefficients:
  rows: 1
  cols: 5
  data: [-0.38996, 0.286266, 0.001381, -0.006108, 0]
rectification_matrix:
  rows: 3
  cols: 3
  data: [1, 0, 0, 0, 1, 0, 0, 0, 1]
projection_matrix:
  rows: 3
  cols: 4
  data: [856.239258, 0, 340.552799, 0, 0, 879.444092, 255.645607, 0, 0, 0, 1, 0]

