
# Autogenerated configuration file - do not hand edit

image_width: 640
image_height: 480
camera_name: camera_8
camera_matrix:
  rows: 3
  cols: 3
  data: [890.990024, 0, 349.305805, 0, 891.696419, 250.27795, 0, 0, 1]
distortion_model: plumb_bob
distortion_coefficients:
  rows: 1
  cols: 5
  data: [-0.396916, 0.243842, 1.6e-05, 0.000164, 0]
rectification_matrix:
  rows: 3
  cols: 3
  data: [1, 0, 0, 0, 1, 0, 0, 0, 1]
projection_matrix:
  rows: 3
  cols: 4
  data: [842.074463, 0, 352.012081, 0, 0, 863.428467, 250.378063, 0, 0, 0, 1, 0]

