
# Autogenerated configuration file - do not hand edit

image_width: 640
image_height: 480
camera_name: camera_5
camera_matrix:
  rows: 3
  cols: 3
  data: [845.745266, 0, 333.069895, 0, 846.211613, 249.724483, 0, 0, 1]
distortion_model: plumb_bob
distortion_coefficients:
  rows: 1
  cols: 5
  data: [-0.375243, 0.225895, -0.001537, 5.5e-05, 0]
rectification_matrix:
  rows: 3
  cols: 3
  data: [1, 0, 0, 0, 1, 0, 0, 0, 1]
projection_matrix:
  rows: 3
  cols: 4
  data: [798.342468, 0, 334.062074, 0, 0, 818.62854, 249.462088, 0, 0, 0, 1, 0]

