
# Autogenerated configuration file - do not hand edit

image_width: 640
image_height: 480
camera_name: camera_8
camera_matrix:
  rows: 3
  cols: 3
  data: [759.572201, 0, 354.010429, 0, 760.513758, 240.365422, 0, 0, 1]
distortion_model: plumb_bob
distortion_coefficients:
  rows: 1
  cols: 5
  data: [-0.410874, 0.261398, 0.000796, 0.000151, 0]
rectification_matrix:
  rows: 3
  cols: 3
  data: [1, 0, 0, 0, 1, 0, 0, 0, 1]
projection_matrix:
  rows: 3
  cols: 4
  data: [700.47052, 0, 358.761042, 0, 0, 726.807678, 240.112058, 0, 0, 0, 1, 0]

