
# Autogenerated configuration file - do not hand edit

image_width: 640
image_height: 480
camera_name: camera_8
camera_matrix:
  rows: 3
  cols: 3
  data: [874.272989, 0, 342.442404, 0, 873.26574, 234.464719, 0, 0, 1]
distortion_model: plumb_bob
distortion_coefficients:
  rows: 1
  cols: 5
  data: [-0.399682, 0.29468, 0.001721, -0.002672, 0]
rectification_matrix:
  rows: 3
  cols: 3
  data: [1, 0, 0, 0, 1, 0, 0, 0, 1]
projection_matrix:
  rows: 3
  cols: 4
  data: [826.368713, 0, 343.180716, 0, 0, 845.060791, 234.019012, 0, 0, 0, 1, 0]

