
# Autogenerated configuration file - do not hand edit

image_width: 640
image_height: 480
camera_name: camera_8
camera_matrix:
  rows: 3
  cols: 3
  data: [828.637896, 0, 355.437328, 0, 829.637388, 255.480218, 0, 0, 1]
distortion_model: plumb_bob
distortion_coefficients:
  rows: 1
  cols: 5
  data: [-0.393882, 0.214057, -0.000107, -0.000839, 0]
rectification_matrix:
  rows: 3
  cols: 3
  data: [1, 0, 0, 0, 1, 0, 0, 0, 1]
projection_matrix:
  rows: 3
  cols: 4
  data: [775.490051, 0, 359.046347, 0, 0, 799.202515, 256.008823, 0, 0, 0, 1, 0]

