
# Autogenerated configuration file - do not hand edit

image_width: 640
image_height: 480
camera_name: camera_11
camera_matrix:
  rows: 3
  cols: 3
  data: [890.941569, 0, 316.297822, 0, 891.346541, 244.361959, 0, 0, 1]
distortion_model: plumb_bob
distortion_coefficients:
  rows: 1
  cols: 5
  data: [-0.384478, 0.206391, 0.000744, 0.000735, 0]
rectification_matrix:
  rows: 3
  cols: 3
  data: [1, 0, 0, 0, 1, 0, 0, 0, 1]
projection_matrix:
  rows: 3
  cols: 4
  data: [844.328003, 0, 315.712606, 0, 0, 864.260864, 244.271119, 0, 0, 0, 1, 0]

