
# Autogenerated configuration file - do not hand edit

image_width: 640
image_height: 480
camera_name: camera_3
camera_matrix:
  rows: 3
  cols: 3
  data: [732.334635, 0, 351.435609, 0, 732.427374, 244.086218, 0, 0, 1]
distortion_model: plumb_bob
distortion_coefficients:
  rows: 1
  cols: 5
  data: [-0.407977, 0.239198, 0.000861, -0.000948, 0]
rectification_matrix:
  rows: 3
  cols: 3
  data: [1, 0, 0, 0, 1, 0, 0, 0, 1]
projection_matrix:
  rows: 3
  cols: 4
  data: [671.373169, 0, 355.674335, 0, 0, 697.679199, 244.209589, 0, 0, 0, 1, 0]

