
# Autogenerated configuration file - do not hand edit

image_width: 640
image_height: 480
camera_name: camera_4
camera_matrix:
  rows: 3
  cols: 3
  data: [881.650749, 0, 346.519681, 0, 879.391184, 268.075895, 0, 0, 1]
distortion_model: plumb_bob
distortion_coefficients:
  rows: 1
  cols: 5
  data: [-0.385058, 0.263918, -0.001198, -0.000699, 0]
rectification_matrix:
  rows: 3
  cols: 3
  data: [1, 0, 0, 0, 1, 0, 0, 0, 1]
projection_matrix:
  rows: 3
  cols: 4
  data: [834.683594, 0, 348.428078, 0, 0, 851.242554, 268.887581, 0, 0, 0, 1, 0]

