
# Autogenerated configuration file - do not hand edit

image_width: 640
image_height: 480
camera_name: camera_12
camera_matrix:
  rows: 3
  cols: 3
  data: [1077.853922, 0, 344.630879, 0, 1081.246031, 284.328003, 0, 0, 1]
distortion_model: plumb_bob
distortion_coefficients:
  rows: 1
  cols: 5
  data: [-0.3779, 0.286744, 0.006354, -0.0031, 0]
rectification_matrix:
  rows: 3
  cols: 3
  data: [1, 0, 0, 0, 1, 0, 0, 0, 1]
projection_matrix:
  rows: 3
  cols: 4
  data: [1040.640869, 0, 344.735219, 0, 0, 1054.822998, 286.40971, 0, 0, 0, 1, 0]

