
# Autogenerated configuration file - do not hand edit

image_width: 640
image_height: 480
camera_name: camera_1
camera_matrix:
  rows: 3
  cols: 3
  data: [883.319086, 0, 369.757177, 0, 883.455622, 232.346297, 0, 0, 1]
distortion_model: plumb_bob
distortion_coefficients:
  rows: 1
  cols: 5
  data: [-0.374593, 0.163128, 0.000271, -0.000921, 0]
rectification_matrix:
  rows: 3
  cols: 3
  data: [1, 0, 0, 0, 1, 0, 0, 0, 1]
projection_matrix:
  rows: 3
  cols: 4
  data: [833.453491, 0, 374.202337, 0, 0, 856.147095, 231.467208, 0, 0, 0, 1, 0]

