
# Autogenerated configuration file - do not hand edit

image_width: 640
image_height: 480
camera_name: camera_7
camera_matrix:
  rows: 3
  cols: 3
  data: [747.596984, 0, 351.643535, 0, 747.550718, 222.826511, 0, 0, 1]
distortion_model: plumb_bob
distortion_coefficients:
  rows: 1
  cols: 5
  data: [-0.406852, 0.242122, 0.003091, 0.00067, 0]
rectification_matrix:
  rows: 3
  cols: 3
  data: [1, 0, 0, 0, 1, 0, 0, 0, 1]
projection_matrix:
  rows: 3
  cols: 4
  data: [687.603653, 0, 356.566245, 0, 0, 713.428713, 221.673888, 0, 0, 0, 1, 0]

