
# Autogenerated configuration file - do not hand edit

image_width: 640
image_height: 480
camera_name: camera_2
camera_matrix:
  rows: 3
  cols: 3
  data: [907.32911, 0, 365.860096, 0, 908.402938, 241.629152, 0, 0, 1]
distortion_model: plumb_bob
distortion_coefficients:
  rows: 1
  cols: 5
  data: [-0.392171, 0.17495, 6.8e-05, -0.002722, 0]
rectification_matrix:
  rows: 3
  cols: 3
  data: [1, 0, 0, 0, 1, 0, 0, 0, 1]
projection_matrix:
  rows: 3
  cols: 4
  data: [857.694397, 0, 369.150044, 0, 0, 880.432739, 241.236488, 0, 0, 0, 1, 0]

