
# Autogenerated configuration file - do not hand edit

image_width: 640
image_height: 480
camera_name: camera_2
camera_matrix:
  rows: 3
  cols: 3
  data: [915.832369, 0, 362.007925, 0, 912.562808, 260.491307, 0, 0, 1]
distortion_model: plumb_bob
distortion_coefficients:
  rows: 1
  cols: 5
  data: [-0.372861, 0.158712, -0.003631, -0.000987, 0]
rectification_matrix:
  rows: 3
  cols: 3
  data: [1, 0, 0, 0, 1, 0, 0, 0, 1]
projection_matrix:
  rows: 3
  cols: 4
  data: [868.951843, 0, 365.279795, 0, 0, 885.963745, 260.304621, 0, 0, 0, 1, 0]

