
# Autogenerated configuration file - do not hand edit

image_width: 640
image_height: 480
camera_name: camera_4
camera_matrix:
  rows: 3
  cols: 3
  data: [843.38071, 0, 326.574025, 0, 844.801025, 239.228028, 0, 0, 1]
distortion_model: plumb_bob
distortion_coefficients:
  rows: 1
  cols: 5
  data: [-0.378678, 0.18285, -0.002516, 0.001008, 0]
rectification_matrix:
  rows: 3
  cols: 3
  data: [1, 0, 0, 0, 1, 0, 0, 0, 1]
projection_matrix:
  rows: 3
  cols: 4
  data: [794.38562, 0, 327.333302, 0, 0, 816.667542, 238.09556, 0, 0, 0, 1, 0]

