
# Autogenerated configuration file - do not hand edit

image_width: 640
image_height: 480
camera_name: camera_11
camera_matrix:
  rows: 3
  cols: 3
  data: [885.538986, 0, 356.227984, 0, 884.166932, 239.861062, 0, 0, 1]
distortion_model: plumb_bob
distortion_coefficients:
  rows: 1
  cols: 5
  data: [-0.356361, 0.102576, -0.002499, 0.001151, 0]
rectification_matrix:
  rows: 3
  cols: 3
  data: [1, 0, 0, 0, 1, 0, 0, 0, 1]
projection_matrix:
  rows: 3
  cols: 4
  data: [838.074036, 0, 360.102294, 0, 0, 857.729248, 238.80315, 0, 0, 0, 1, 0]

