
# Autogenerated configuration file - do not hand edit

image_width: 640
image_height: 480
camera_name: camera_1
camera_matrix:
  rows: 3
  cols: 3
  data: [725.342639, 0, 360.252239, 0, 725.061854, 245.299516, 0, 0, 1]
distortion_model: plumb_bob
distortion_coefficients:
  rows: 1
  cols: 5
  data: [-0.397296, 0.208056, -0.001066, 0.000457, 0]
rectification_matrix:
  rows: 3
  cols: 3
  data: [1, 0, 0, 0, 1, 0, 0, 0, 1]
projection_matrix:
  rows: 3
  cols: 4
  data: [662.731201, 0, 366.945951, 0, 0, 690.339294, 244.986666, 0, 0, 0, 1, 0]

