
# Autogenerated configuration file - do not hand edit

image_width: 640
image_height: 480
camera_name: camera_1
camera_matrix:
  rows: 3
  cols: 3
  data: [729.822905, 0, 362.54834, 0, 729.466082, 241.336091, 0, 0, 1]
distortion_model: plumb_bob
distortion_coefficients:
  rows: 1
  cols: 5
  data: [-0.394399, 0.191758, -0.000455, -8.3e-05, 0]
rectification_matrix:
  rows: 3
  cols: 3
  data: [1, 0, 0, 0, 1, 0, 0, 0, 1]
projection_matrix:
  rows: 3
  cols: 4
  data: [667.1521, 0, 369.353823, 0, 0, 695.091187, 240.829464, 0, 0, 0, 1, 0]

