
# Autogenerated configuration file - do not hand edit

image_width: 640
image_height: 480
camera_name: camera_9
camera_matrix:
  rows: 3
  cols: 3
  data: [880.346285, 0, 349.635715, 0, 879.619148, 238.915121, 0, 0, 1]
distortion_model: plumb_bob
distortion_coefficients:
  rows: 1
  cols: 5
  data: [-0.393405, 0.265872, -0.000618, -0.001414, 0]
rectification_matrix:
  rows: 3
  cols: 3
  data: [1, 0, 0, 0, 1, 0, 0, 0, 1]
projection_matrix:
  rows: 3
  cols: 4
  data: [832.348694, 0, 351.658727, 0, 0, 851.646912, 238.214407, 0, 0, 0, 1, 0]

