
# Autogenerated configuration file - do not hand edit

image_width: 640
image_height: 480
camera_name: camera_1
camera_matrix:
  rows: 3
  cols: 3
  data: [877.887096, 0, 319.420589, 0, 873.374843, 244.699443, 0, 0, 1]
distortion_model: plumb_bob
distortion_coefficients:
  rows: 1
  cols: 5
  data: [-0.394133, 0.533355, 0.004398, 0.003076, 0]
rectification_matrix:
  rows: 3
  cols: 3
  data: [1, 0, 0, 0, 1, 0, 0, 0, 1]
projection_matrix:
  rows: 3
  cols: 4
  data: [835.957581, 0, 320.150566, 0, 0, 846.864624, 245.409016, 0, 0, 0, 1, 0]

