
# Autogenerated configuration file - do not hand edit

image_width: 640
image_height: 480
camera_name: camera_1
camera_matrix:
  rows: 3
  cols: 3
  data: [759.359882, 0, 349.164379, 0, 759.096485, 248.053826, 0, 0, 1]
distortion_model: plumb_bob
distortion_coefficients:
  rows: 1
  cols: 5
  data: [-0.399129, 0.215994, -0.000364, 0.001099, 0]
rectification_matrix:
  rows: 3
  cols: 3
  data: [1, 0, 0, 0, 1, 0, 0, 0, 1]
projection_matrix:
  rows: 3
  cols: 4
  data: [700.716003, 0, 353.838189, 0, 0, 725.965942, 248.135811, 0, 0, 0, 1, 0]

