
# Autogenerated configuration file - do not hand edit

image_width: 640
image_height: 480
camera_name: camera_5
camera_matrix:
  rows: 3
  cols: 3
  data: [857.200483, 0, 315.417301, 0, 858.654787, 262.079419, 0, 0, 1]
distortion_model: plumb_bob
distortion_coefficients:
  rows: 1
  cols: 5
  data: [-0.390195, 0.158037, -0.000613, 0.00407, 0]
rectification_matrix:
  rows: 3
  cols: 3
  data: [1, 0, 0, 0, 1, 0, 0, 0, 1]
projection_matrix:
  rows: 3
  cols: 4
  data: [806.689966, 0, 316.191349, 0, 0, 829.335561, 262.852438, 0, 0, 0, 1, 0]

