
# Autogenerated configuration file - do not hand edit

image_width: 640
image_height: 480
camera_name: camera_4
camera_matrix:
  rows: 3
  cols: 3
  data: [883.225022, 0, 353.690492, 0, 882.91126, 227.094726, 0, 0, 1]
distortion_model: plumb_bob
distortion_coefficients:
  rows: 1
  cols: 5
  data: [-0.389741, 0.246715, 0.000384, -0.000608, 0]
rectification_matrix:
  rows: 3
  cols: 3
  data: [1, 0, 0, 0, 1, 0, 0, 0, 1]
projection_matrix:
  rows: 3
  cols: 4
  data: [834.870972, 0, 356.476632, 0, 0, 854.838989, 225.934801, 0, 0, 0, 1, 0]

