
# Autogenerated configuration file - do not hand edit

image_width: 640
image_height: 480
camera_name: camera_9
camera_matrix:
  rows: 3
  cols: 3
  data: [834.908748, 0, 358.260072, 0, 835.423234, 232.546597, 0, 0, 1]
distortion_model: plumb_bob
distortion_coefficients:
  rows: 1
  cols: 5
  data: [-0.394965, 0.223518, 0.00125, -0.001429, 0]
rectification_matrix:
  rows: 3
  cols: 3
  data: [1, 0, 0, 0, 1, 0, 0, 0, 1]
projection_matrix:
  rows: 3
  cols: 4
  data: [782.278198, 0, 361.831345, 0, 0, 805.463013, 231.844025, 0, 0, 0, 1, 0]

