
# Autogenerated configuration file - do not hand edit

image_width: 640
image_height: 480
camera_name: camera_7
camera_matrix:
  rows: 3
  cols: 3
  data: [874.570714, 0, 350.778343, 0, 874.427149, 225.324602, 0, 0, 1]
distortion_model: plumb_bob
distortion_coefficients:
  rows: 1
  cols: 5
  data: [-0.391198, 0.235394, 0.001846, 0.002049, 0]
rectification_matrix:
  rows: 3
  cols: 3
  data: [1, 0, 0, 0, 1, 0, 0, 0, 1]
projection_matrix:
  rows: 3
  cols: 4
  data: [824.801929, 0, 354.541586, 0, 0, 845.920083, 224.362879, 0, 0, 0, 1, 0]

