
# Autogenerated configuration file - do not hand edit

image_width: 640
image_height: 480
camera_name: camera_5
camera_matrix:
  rows: 3
  cols: 3
  data: [769.925489, 0, 330.381581, 0, 769.969161, 263.028978, 0, 0, 1]
distortion_model: plumb_bob
distortion_coefficients:
  rows: 1
  cols: 5
  data: [-0.395832, 0.21137, 0.001047, -0.000942, 0]
rectification_matrix:
  rows: 3
  cols: 3
  data: [1, 0, 0, 0, 1, 0, 0, 0, 1]
projection_matrix:
  rows: 3
  cols: 4
  data: [713.913388, 0, 330.964807, 0, 0, 736.999067, 264.653805, 0, 0, 0, 1, 0]

