
# Autogenerated configuration file - do not hand edit

image_width: 640
image_height: 480
camera_name: camera_5
camera_matrix:
  rows: 3
  cols: 3
  data: [853.919288, 0, 321.694301, 0, 852.486586, 250.328664, 0, 0, 1]
distortion_model: plumb_bob
distortion_coefficients:
  rows: 1
  cols: 5
  data: [-0.386391, 0.223365, 0.001037, 0.002092, 0]
rectification_matrix:
  rows: 3
  cols: 3
  data: [1, 0, 0, 0, 1, 0, 0, 0, 1]
projection_matrix:
  rows: 3
  cols: 4
  data: [805.33844, 0, 322.332405, 0, 0, 824.067322, 250.710229, 0, 0, 0, 1, 0]

