
# Autogenerated configuration file - do not hand edit

image_width: 640
image_height: 480
camera_name: camera_7
camera_matrix:
  rows: 3
  cols: 3
  data: [851.099384, 0, 320.929313, 0, 851.164608, 239.379388, 0, 0, 1]
distortion_model: plumb_bob
distortion_coefficients:
  rows: 1
  cols: 5
  data: [-0.390551, 0.250233, -0.000168, 0.000174, 0]
rectification_matrix:
  rows: 3
  cols: 3
  data: [1, 0, 0, 0, 1, 0, 0, 0, 1]
projection_matrix:
  rows: 3
  cols: 4
  data: [802.504761, 0, 320.61439, 0, 0, 822.809143, 238.80199, 0, 0, 0, 1, 0]

