
# Autogenerated configuration file - do not hand edit

image_width: 640
image_height: 480
camera_name: camera_7
camera_matrix:
  rows: 3
  cols: 3
  data: [899.732562, 0, 361.858776, 0, 899.544042, 244.476802, 0, 0, 1]
distortion_model: plumb_bob
distortion_coefficients:
  rows: 1
  cols: 5
  data: [-0.42247, 0.309847, -0.00344, 0.000147, 0]
rectification_matrix:
  rows: 3
  cols: 3
  data: [1, 0, 0, 0, 1, 0, 0, 0, 1]
projection_matrix:
  rows: 3
  cols: 4
  data: [847.809167, 0, 365.894404, 0, 0, 869.958455, 243.493087, 0, 0, 0, 1, 0]

