
# Autogenerated configuration file - do not hand edit

image_width: 640
image_height: 480
camera_name: camera_10
camera_matrix:
  rows: 3
  cols: 3
  data: [1164.204265, 0, 356.687421, 0, 1164.634484, 238.530306, 0, 0, 1]
distortion_model: plumb_bob
distortion_coefficients:
  rows: 1
  cols: 5
  data: [-0.38999, 0.371886, 0.00084, 0.000355, 0]
rectification_matrix:
  rows: 3
  cols: 3
  data: [1, 0, 0, 0, 1, 0, 0, 0, 1]
projection_matrix:
  rows: 3
  cols: 4
  data: [1127.490285, 0, 358.313607, 0, 0, 1142.683371, 238.119, 0, 0, 0, 1, 0]

