
# Autogenerated configuration file - do not hand edit

image_width: 640
image_height: 480
camera_name: camera_10
camera_matrix:
  rows: 3
  cols: 3
  data: [907.087747, 0, 363.779825, 0, 909.021661, 267.381629, 0, 0, 1]
distortion_model: plumb_bob
distortion_coefficients:
  rows: 1
  cols: 5
  data: [-0.381142, 0.166215, -0.00121, -0.001288, 0]
rectification_matrix:
  rows: 3
  cols: 3
  data: [1, 0, 0, 0, 1, 0, 0, 0, 1]
projection_matrix:
  rows: 3
  cols: 4
  data: [858.334656, 0, 367.298066, 0, 0, 880.994202, 268.111356, 0, 0, 0, 1, 0]

