
# Autogenerated configuration file - do not hand edit

image_width: 640
image_height: 480
camera_name: camera_12
camera_matrix:
  rows: 3
  cols: 3
  data: [988.910739, 0, 349.690529, 0, 989.061167, 232.834234, 0, 0, 1]
distortion_model: plumb_bob
distortion_coefficients:
  rows: 1
  cols: 5
  data: [-0.39166, 0.23231, 0.000869, -0.001813, 0]
rectification_matrix:
  rows: 3
  cols: 3
  data: [1, 0, 0, 0, 1, 0, 0, 0, 1]
projection_matrix:
  rows: 3
  cols: 4
  data: [945.557076, 0, 351.055877, 0, 0, 963.756269, 232.172887, 0, 0, 0, 1, 0]

