
# Autogenerated configuration file - do not hand edit

image_width: 640
image_height: 480
camera_name: camera_8
camera_matrix:
  rows: 3
  cols: 3
  data: [803.425429, 0, 351.463877, 0, 803.896603, 242.95176, 0, 0, 1]
distortion_model: plumb_bob
distortion_coefficients:
  rows: 1
  cols: 5
  data: [-0.399622, 0.24568, -0.000834, 0.001699, 0]
rectification_matrix:
  rows: 3
  cols: 3
  data: [1, 0, 0, 0, 1, 0, 0, 0, 1]
projection_matrix:
  rows: 3
  cols: 4
  data: [748.479736, 0, 355.995346, 0, 0, 772.661316, 242.459307, 0, 0, 0, 1, 0]

