
# Autogenerated configuration file - do not hand edit

image_width: 640
image_height: 480
camera_name: camera_8
camera_matrix:
  rows: 3
  cols: 3
  data: [764.173169, 0, 357.087118, 0, 765.137237, 252.453564, 0, 0, 1]
distortion_model: plumb_bob
distortion_coefficients:
  rows: 1
  cols: 5
  data: [-0.40461, 0.226724, -0.00017, -0.000807, 0]
rectification_matrix:
  rows: 3
  cols: 3
  data: [1, 0, 0, 0, 1, 0, 0, 0, 1]
projection_matrix:
  rows: 3
  cols: 4
  data: [704.97467, 0, 361.89014, 0, 0, 731.552979, 252.95156, 0, 0, 0, 1, 0]

