
# Autogenerated configuration file - do not hand edit

image_width: 640
image_height: 480
camera_name: camera_2
camera_matrix:
  rows: 3
  cols: 3
  data: [878.136851, 0, 360.478527, 0, 878.053367, 234.351788, 0, 0, 1]
distortion_model: plumb_bob
distortion_coefficients:
  rows: 1
  cols: 5
  data: [-0.394315, 0.25762, -0.000211, -0.00053, 0]
rectification_matrix:
  rows: 3
  cols: 3
  data: [1, 0, 0, 0, 1, 0, 0, 0, 1]
projection_matrix:
  rows: 3
  cols: 4
  data: [828.458008, 0, 364.060757, 0, 0, 849.482361, 233.470565, 0, 0, 0, 1, 0]

