
# Autogenerated configuration file - do not hand edit

image_width: 640
image_height: 480
camera_name: camera_3
camera_matrix:
  rows: 3
  cols: 3
  data: [891.187762, 0, 318.017981, 0, 890.280367, 281.411198, 0, 0, 1]
distortion_model: plumb_bob
distortion_coefficients:
  rows: 1
  cols: 5
  data: [-0.429964, 0.459127, -0.000779, 0.00079, 0]
rectification_matrix:
  rows: 3
  cols: 3
  data: [1, 0, 0, 0, 1, 0, 0, 0, 1]
projection_matrix:
  rows: 3
  cols: 4
  data: [843.126953, 0, 317.657848, 0, 0, 859.306946, 283.080244, 0, 0, 0, 1, 0]

