
# Autogenerated configuration file - do not hand edit

image_width: 640
image_height: 480
camera_name: camera_11
camera_matrix:
  rows: 3
  cols: 3
  data: [785.974492, 0, 317.518013, 0, 785.319551, 237.886055, 0, 0, 1]
distortion_model: plumb_bob
distortion_coefficients:
  rows: 1
  cols: 5
  data: [-0.406012, 0.301803, 0.002745, 0.000371, 0]
rectification_matrix:
  rows: 3
  cols: 3
  data: [1, 0, 0, 0, 1, 0, 0, 0, 1]
projection_matrix:
  rows: 3
  cols: 4
  data: [732.739868, 0, 316.876804, 0, 0, 754.01178, 237.927698, 0, 0, 0, 1, 0]

