
# Autogenerated configuration file - do not hand edit

rotation: -0.03997046500444412
translation_x: 0.882013738155365
translation_y: -0.0005576888215728104
