
# Autogenerated configuration file - do not hand edit

rotation: 0.0037157649639993906
translation_x: 0.043075378984212875
translation_y: -0.6641635894775391
