
# Autogenerated configuration file - do not hand edit

rotation: 0.03186068311333656
translation_x: -0.23609821498394012
translation_y: 0.4533396363258362
