
# Autogenerated configuration file - do not hand edit

rotation: 0.014227718114852905
translation_x: -0.7682847380638123
translation_y: -0.015502472408115864
