
# Autogenerated configuration file - do not hand edit

rotation: 0.0010777306742966175
translation_x: 0.5613802671432495
translation_y: 0.48201504349708557
