
# Autogenerated configuration file - do not hand edit

rotation: -0.07904894649982452
translation_x: -1.0600056648254395
translation_y: 0.06122522056102753
