
# Autogenerated configuration file - do not hand edit

rotation: -0.01876787655055523
translation_x: -0.8588238954544067
translation_y: 0.02023598924279213
