
# Autogenerated configuration file - do not hand edit

rotation: -0.04479832947254181
translation_x: -0.5189961791038513
translation_y: -0.7633088231086731
