
# Autogenerated configuration file - do not hand edit

rotation: 0.012097334489226341
translation_x: 0.9122427701950073
translation_y: 0.019289137795567513
