
# Autogenerated configuration file - do not hand edit

rotation: -0.045252446085214615
translation_x: -0.34514886140823364
translation_y: 0.5391209125518799
