
# Autogenerated configuration file - do not hand edit

rotation: 0.05268175154924393
translation_x: -0.8064619302749634
translation_y: 0.017833286896348
