
# Autogenerated configuration file - do not hand edit

rotation: 0.037448570132255554
translation_x: -0.5399697422981262
translation_y: -0.9232643842697144
