
# Autogenerated configuration file - do not hand edit

rotation: 0.04070926085114479
translation_x: 0.5465961694717407
translation_y: -0.8545005321502686
