
# Autogenerated configuration file - do not hand edit

rotation: -0.02454865537583828
translation_x: 0.8179498910903931
translation_y: 0.0923701822757721
