
# Autogenerated configuration file - do not hand edit

rotation: 0.0031263178680092096
translation_x: 0.4232371747493744
translation_y: 0.5516607165336609
