
# Autogenerated configuration file - do not hand edit

rotation: 0.0260488111525774
translation_x: 0.48496460914611816
translation_y: 0.5447362661361694
