
# Autogenerated configuration file - do not hand edit

rotation: -0.007601264864206314
translation_x: -0.8356330394744873
translation_y: -0.04050344601273537
