
# Autogenerated configuration file - do not hand edit

rotation: 0.009157247841358185
translation_x: 0.3294960856437683
translation_y: -0.7735618352890015
