
# Autogenerated configuration file - do not hand edit

rotation: -0.0061458684504032135
translation_x: -0.8887337446212769
translation_y: -0.06591743975877762
