
# Autogenerated configuration file - do not hand edit

rotation: 0.018370021134614944
translation_x: -0.3819495439529419
translation_y: 0.6889476180076599
