
# Autogenerated configuration file - do not hand edit

rotation: 0.013804018497467041
translation_x: -0.6904013752937317
translation_y: -0.006147418636828661
