
# Autogenerated configuration file - do not hand edit

rotation: -0.03985181823372841
translation_x: -0.967287540435791
translation_y: 0.078504778444767
