
# Autogenerated configuration file - do not hand edit

rotation: 0.03966055437922478
translation_x: 0.5469057559967041
translation_y: -0.8544474244117737
