
# Autogenerated configuration file - do not hand edit

rotation: 0.05332005396485329
translation_x: 0.9686301946640015
translation_y: -0.03453895077109337
