
# Autogenerated configuration file - do not hand edit

rotation: -0.01701394096016884
translation_x: 0.8387025594711304
translation_y: -0.005594306625425816
