
# Autogenerated configuration file - do not hand edit

rotation: -0.0012584738433361053
translation_x: -0.475462943315506
translation_y: -0.8095869421958923
