
# Autogenerated configuration file - do not hand edit

rotation: -0.00976412184536457
translation_x: -0.3713207542896271
translation_y: 0.5143294334411621
