
# Autogenerated configuration file - do not hand edit

rotation: -0.005411412101238966
translation_x: 0.35863932967185974
translation_y: 0.6526103019714355
