
# Autogenerated configuration file - do not hand edit

rotation: 0.04135195538401604
translation_x: 0.9104078412055969
translation_y: -0.02850247547030449
