
# Autogenerated configuration file - do not hand edit

rotation: 0.05408162996172905
translation_x: -0.5582659244537354
translation_y: -0.011355015449225903
