
# Autogenerated configuration file - do not hand edit

rotation: 0.04234987869858742
translation_x: 0.9115286469459534
translation_y: -0.028080834075808525
