
# Autogenerated configuration file - do not hand edit

rotation: 0.0009945774218067527
translation_x: -0.8146054744720459
translation_y: -0.007169351447373629
