
# Autogenerated configuration file - do not hand edit

rotation: -0.06170062720775604
translation_x: -0.29053857922554016
translation_y: 0.24449504911899567
