
# Autogenerated configuration file - do not hand edit

rotation: -0.004322879947721958
translation_x: 0.011218894273042679
translation_y: 0.5001446604728699
