
# Autogenerated configuration file - do not hand edit

rotation: -0.0238642618060112
translation_x: 0.8195139765739441
translation_y: 0.0924413800239563
