
# Autogenerated configuration file - do not hand edit

rotation: -0.017478933557868004
translation_x: -0.4203691780567169
translation_y: 0.4191746711730957
