
# Autogenerated configuration file - do not hand edit

rotation: 0.006940078921616077
translation_x: 0.055340301245450974
translation_y: -0.611168622970581
