
# Autogenerated configuration file - do not hand edit

rotation: -0.04072203487157822
translation_x: 0.8810224533081055
translation_y: -0.0009132874547503889
