
# Autogenerated configuration file - do not hand edit

rotation: 0.015335670672357082
translation_x: -0.8465437293052673
translation_y: 0.11493731290102005
