
# Autogenerated configuration file - do not hand edit

rotation: -0.024373609572649002
translation_x: -0.17897172272205353
translation_y: 0.5640199780464172
