
# Autogenerated configuration file - do not hand edit

rotation: -0.012860693037509918
translation_x: 1.0308952331542969
translation_y: -0.050504256039857864
