
# Autogenerated configuration file - do not hand edit

rotation: 0.05479494854807854
translation_x: 0.9693220257759094
translation_y: -0.03453611582517624
