
# Autogenerated configuration file - do not hand edit

rotation: -0.020364662632346153
translation_x: 0.887100338935852
translation_y: 0.0041138166561722755
