
# Autogenerated configuration file - do not hand edit

rotation: 0.039318591356277466
translation_x: -0.5401157736778259
translation_y: -0.9259017705917358
