
# Autogenerated configuration file - do not hand edit

rotation: 0.006985480431467295
translation_x: 0.8630637526512146
translation_y: 0.1227964460849762
