
# Autogenerated configuration file - do not hand edit

rotation: 0.012768255546689034
translation_x: -0.4209381341934204
translation_y: 0.4458043873310089
