
# Autogenerated configuration file - do not hand edit

rotation: 0.00647136103361845
translation_x: 0.055128633975982666
translation_y: -0.6112084984779358
