
# Autogenerated configuration file - do not hand edit

rotation: -0.04328543320298195
translation_x: 0.45550641417503357
translation_y: -0.8041324019432068
