
# Autogenerated configuration file - do not hand edit

rotation: -0.014033419080078602
translation_x: -0.6018735766410828
translation_y: -0.7807469367980957
