
# Autogenerated configuration file - do not hand edit

rotation: -0.0037111565470695496
translation_x: 0.5594701766967773
translation_y: -0.7983211874961853
