
# Autogenerated configuration file - do not hand edit

rotation: -0.04509509354829788
translation_x: -0.5190147161483765
translation_y: -0.7636134624481201
