
# Autogenerated configuration file - do not hand edit

rotation: 0.014436728321015835
translation_x: 0.6924539804458618
translation_y: 0.46276095509529114
