
# Autogenerated configuration file - do not hand edit

rotation: 0.00831073708832264
translation_x: -0.686735987663269
translation_y: 0.011904498562216759
