
# Autogenerated configuration file - do not hand edit

rotation: -0.0024056420661509037
translation_x: -0.2023981511592865
translation_y: 0.630126416683197
