
# Autogenerated configuration file - do not hand edit

rotation: -0.050022415816783905
translation_x: 0.3277677595615387
translation_y: 0.4567564129829407
