---
image_width: 640
image_height: 480
camera_name: camera1
camera_matrix:
  rows: 3
  cols: 3
  data: [502.436, 0, 319.093, 0, 502.483, 240.275, 0, 0, 1]
distortion_model: plumb_bob
distortion_coefficients:
  rows: 1
  cols: 5
  data: [0.000252224, 0.000943135, 0.00063976, -0.000209039, 0]
rectification_matrix:
  rows: 3
  cols: 3
  data: [1, 0, 0, 0, 1, 0, 0, 0, 1]
projection_matrix:
  rows: 3
  cols: 4
  data: [502.436, 0, 319.093, 0, 0, 502.483, 240.275, 0, 0, 0, 1, 0]