---
image_width: 640
image_height: 480
camera_name: sim_camera2
camera_matrix:
  rows: 3
  cols: 3
  data: [501.787, 0, 319.413, 0, 501.697, 238.686, 0, 0, 1]
distortion_model: plumb_bob
distortion_coefficients:
  rows: 1
  cols: 5
  data: [5.32993e-05, -0.000553444, -0.000591338, -0.00021506, 0]
rectification_matrix:
  rows: 3
  cols: 3
  data: [1, 0, 0, 0, 1, 0, 0, 0, 1]
projection_matrix:
  rows: 3
  cols: 4
  data: [501.787, 0, 319.413, 0, 0, 501.697, 238.686, 0, 0, 0, 1, 0]